
1	6649.97	42160
2	6645.71	42379
3	6641.45	42560
4	6637.18	42475
5	6632.92	42138
6	6628.66	42181
7	6624.39	42489
8	6620.13	42809
9	6615.86	43170
10	6611.60	43182
11	6607.34	43206
12	6603.07	43067
13	6598.81	42865
14	6594.55	43062
15	6590.28	42966
16	6586.02	42584
17	6581.75	42354
18	6577.49	42549
19	6573.23	42550
20	6568.96	41998
21	6564.70	40405
22	6560.43	37009
23	6556.17	32098
24	6551.90	32807
25	6547.64	38128
26	6543.38	41154
27	6539.11	42329
28	6534.85	43769
29	6530.58	44685
30	6526.32	44737
31	6522.05	45176
32	6517.79	45548
33	6513.53	45538
34	6509.26	45312
35	6505.00	45624
36	6500.73	46736
37	6496.47	46891
38	6492.20	46128
39	6487.94	44988
40	6483.67	45819
41	6479.41	47433
42	6475.14	47602
43	6470.88	48044
44	6466.61	48158
45	6462.35	48117
46	6458.09	48480
47	6453.82	48200
48	6449.56	48548
49	6445.29	48869
50	6441.03	49383
51	6436.76	49790
52	6432.50	49771
53	6428.23	49884
54	6423.97	50056
55	6419.70	50414
56	6415.44	50391
57	6411.17	49859
58	6406.90	50123
59	6402.64	50293
60	6398.37	50797
61	6394.11	50742
62	6389.84	50678
63	6385.58	50619
64	6381.31	51555
65	6377.05	51604
66	6372.78	51567
67	6368.52	51889
68	6364.25	51562
69	6359.99	51573
70	6355.72	51440
71	6351.46	51631
72	6347.19	52048
73	6342.92	52162
74	6338.66	51820
75	6334.39	51929
76	6330.13	52043
77	6325.86	52282
78	6321.60	53038
79	6317.33	53121
80	6313.06	52406
81	6308.80	52104
82	6304.53	52918
83	6300.27	53258
84	6296.00	52909
85	6291.74	52726
86	6287.47	53054
87	6283.20	53770
88	6278.94	54308
89	6274.67	53172
90	6270.41	52775
91	6266.14	54393
92	6261.87	54947
93	6257.61	55046
94	6253.34	55141
95	6249.07	54360
96	6244.81	54584
97	6240.54	54607
98	6236.28	54780
99	6232.01	54948
100	6227.74	55408
101	6223.48	55669
102	6219.21	56330
103	6214.94	56706
104	6210.68	56723
105	6206.41	56604
106	6202.15	57241
107	6197.88	57879
108	6193.61	57783
109	6189.35	57974
110	6185.08	57497
111	6180.81	57506
112	6176.55	58114
113	6172.28	57995
114	6168.01	57580
115	6163.75	57296
116	6159.48	57117
117	6155.21	56866
118	6150.95	56975
119	6146.68	58045
120	6142.41	58394
121	6138.15	58187
122	6133.88	57719
123	6129.61	57751
124	6125.35	58490
125	6121.08	58903
126	6116.81	58806
127	6112.54	58833
128	6108.28	59258
129	6104.01	59386
130	6099.74	59128
131	6095.48	58257
132	6091.21	58736
133	6086.94	59125
134	6082.68	58955
135	6078.41	59203
136	6074.14	59232
137	6069.87	59393
138	6065.61	59900
139	6061.34	59760
140	6057.07	59710
141	6052.80	59479
142	6048.54	59579
143	6044.27	59771
144	6040.00	60417
145	6035.74	60220
146	6031.47	60705
147	6027.20	60998
148	6022.93	60661
149	6018.67	59910
150	6014.40	59933
151	6010.13	60046
152	6005.86	60242
153	6001.60	60562
154	5997.33	60966
155	5993.06	61394
156	5988.79	61608
157	5984.53	62024
158	5980.26	61014
159	5975.99	61220
160	5971.72	61436
161	5967.45	61483
162	5963.19	61601
163	5958.92	61519
164	5954.65	61586
165	5950.38	61338
166	5946.12	61012
167	5941.85	60530
168	5937.58	60432
169	5933.31	60984
170	5929.04	60839
171	5924.78	60933
172	5920.51	60749
173	5916.24	60903
174	5911.97	60718
175	5907.70	60399
176	5903.44	60982
177	5899.17	61268
178	5894.90	61039
179	5890.63	59368
180	5886.36	58338
181	5882.10	58698
182	5877.83	61056
183	5873.56	62223
184	5869.29	62803
185	5865.02	63283
186	5860.75	63196
187	5856.49	63024
188	5852.22	62096
189	5847.95	62376
190	5843.68	63135
191	5839.41	63928
192	5835.14	64385
193	5830.88	64083
194	5826.61	64053
195	5822.34	64566
196	5818.07	64490
197	5813.80	64092
198	5809.53	63459
199	5805.26	63451
200	5801.00	63225
201	5796.73	63254
202	5792.46	63008
203	5788.19	62885
204	5783.92	62776
205	5779.65	62589
206	5775.38	62480
207	5771.12	63192
208	5766.85	63147
209	5762.58	63368
210	5758.31	63149
211	5754.04	62797
212	5749.77	62789
213	5745.50	62775
214	5741.23	63337
215	5736.97	63919
216	5732.70	64377
217	5728.43	64726
218	5724.16	64796
219	5719.89	65064
220	5715.62	65245
221	5711.35	64880
222	5707.08	63556
223	5702.81	62511
224	5698.54	62990
225	5694.28	63936
226	5690.01	64270
227	5685.74	64004
228	5681.47	62858
229	5677.20	62209
230	5672.93	63089
231	5668.66	63905
232	5664.39	63263
233	5660.12	62272
234	5655.85	61396
235	5651.58	60681
236	5647.31	61543
237	5643.05	62482
238	5638.78	62586
239	5634.51	61857
240	5630.24	61830
241	5625.97	62551
242	5621.70	62709
243	5617.43	62070
244	5613.16	62253
245	5608.89	61997
246	5604.62	62910
247	5600.35	63709
248	5596.08	61845
249	5591.81	61422
250	5587.54	62041
251	5583.27	61608
252	5579.00	62541
253	5574.73	64084
254	5570.47	64280
255	5566.20	63985
256	5561.93	63610
257	5557.66	63954
258	5553.39	64358
259	5549.12	64766
260	5544.85	64797
261	5540.58	64409
262	5536.31	63956
263	5532.04	63851
264	5527.77	62522
265	5523.50	61871
266	5519.23	61776
267	5514.96	62666
268	5510.69	62780
269	5506.42	61868
270	5502.15	60992
271	5497.88	60635
272	5493.61	60623
273	5489.34	60806
274	5485.07	61289
275	5480.80	61019
276	5476.53	60570
277	5472.26	59765
278	5467.99	59301
279	5463.72	60963
280	5459.45	60767
281	5455.18	60662
282	5450.91	61030
283	5446.64	61382
284	5442.37	61461
285	5438.10	61203
286	5433.83	62168
287	5429.56	61584
288	5425.29	60846
289	5421.02	60728
290	5416.75	60487
291	5412.48	60897
292	5408.21	60766
293	5403.94	59584
294	5399.67	58749
295	5395.40	58924
296	5391.13	59476
297	5386.86	59994
298	5382.59	60468
299	5378.32	60736
300	5374.05	60344
301	5369.78	60362
302	5365.51	59495
303	5361.24	58592
304	5356.97	59388
305	5352.70	61323
306	5348.43	61641
307	5344.15	60510
308	5339.88	60172
309	5335.61	59789
310	5331.34	59302
311	5327.07	59743
312	5322.80	58627
313	5318.53	58592
314	5314.26	60262
315	5309.99	60552
316	5305.72	60968
317	5301.45	61375
318	5297.18	60373
319	5292.91	59537
320	5288.64	59725
321	5284.37	60606
322	5280.10	59624
323	5275.83	57886
324	5271.56	56804
325	5267.29	55295
326	5263.01	53437
327	5258.74	52816
328	5254.47	54673
329	5250.20	56847
330	5245.93	56701
331	5241.66	56717
332	5237.39	57200
333	5233.12	56926
334	5228.85	55703
335	5224.58	54765
336	5220.31	54284
337	5216.04	56082
338	5211.77	56937
339	5207.49	56569
340	5203.22	56110
341	5198.95	55203
342	5194.68	55726
343	5190.41	55311
344	5186.14	54717
345	5181.87	54480
346	5177.60	53594
347	5173.33	55371
348	5169.06	55724
349	5164.79	51742
350	5160.51	50741
351	5156.24	53680
352	5151.97	55679
353	5147.70	54974
354	5143.43	54251
355	5139.16	53868
356	5134.89	53263
357	5130.62	52888
358	5126.35	53306
359	5122.08	53212
360	5117.80	53037
361	5113.53	54366
362	5109.26	55276
363	5104.99	54361
364	5100.72	53507
365	5096.45	53622
366	5092.18	52810
367	5087.91	53519
368	5083.63	54388
369	5079.36	53281
370	5075.09	51482
371	5070.82	51254
372	5066.55	52500
373	5062.28	52533
374	5058.01	52899
375	5053.74	53478
376	5049.46	53111
377	5045.19	51926
378	5040.92	51650
379	5036.65	50490
380	5032.38	49161
381	5028.11	50526
382	5023.84	51038
383	5019.57	50665
384	5015.29	49817
385	5011.02	48318
386	5006.75	48777
387	5002.48	49476
388	4998.21	49175
389	4993.94	49884
390	4989.67	50899
391	4985.39	51055
392	4981.12	50124
393	4976.85	48528
394	4972.58	49305
395	4968.31	51266
396	4964.04	50937
397	4959.77	50841
398	4955.49	50890
399	4951.22	49830
400	4946.95	49690
401	4942.68	50272
402	4938.41	49910
403	4934.14	48426
404	4929.86	47258
405	4925.59	47695
406	4921.32	47905
407	4917.05	46283
408	4912.78	45293
409	4908.51	46377
410	4904.24	46453
411	4899.96	46522
412	4895.69	46907
413	4891.42	46886
414	4887.15	45979
415	4882.88	44096
416	4878.61	43715
417	4874.33	44040
418	4870.06	42981
419	4865.79	40990
420	4861.52	38590
421	4857.25	33206
422	4852.98	30637
423	4848.70	35673
424	4844.43	40362
425	4840.16	42244
426	4835.89	42961
427	4831.62	43153
428	4827.34	43689
429	4823.07	43872
430	4818.80	43371
431	4814.53	43752
432	4810.26	44396
433	4805.99	44044
434	4801.71	43335
435	4797.44	43108
436	4793.17	43039
437	4788.90	43479
438	4784.63	43111
439	4780.36	42264
440	4776.08	42513
441	4771.81	42944
442	4767.54	42574
443	4763.27	41849
444	4759.00	40777
445	4754.72	40473
446	4750.45	41331
447	4746.18	41245
448	4741.91	41615
449	4737.64	41494
450	4733.36	41405
451	4729.09	40645
452	4724.82	40177
453	4720.55	40467
454	4716.28	41103
455	4712.00	40960
456	4707.73	40232
457	4703.46	39363
458	4699.19	38684
459	4694.92	38420
460	4690.64	39255
461	4686.37	39638
462	4682.10	39617
463	4677.83	39322
464	4673.56	38893
465	4669.28	38729
466	4665.01	37822
467	4660.74	36574
468	4656.47	37297
469	4652.20	38260
470	4647.92	37676
471	4643.65	36927
472	4639.38	36692
473	4635.11	37184
474	4630.84	37053
475	4626.56	36792
476	4622.29	37114
477	4618.02	37043
478	4613.75	36719
479	4609.48	36181
480	4605.20	36362
481	4600.93	36526
482	4596.66	36018
483	4592.39	35464
484	4588.12	35022
485	4583.84	34790
486	4579.57	34151
487	4575.30	33671
488	4571.03	34528
489	4566.75	34838
490	4562.48	34587
491	4558.21	34262
492	4553.94	33843
493	4549.67	32888
494	4545.39	31363
495	4541.12	31453
496	4536.85	32212
497	4532.58	32458
498	4528.30	31523
499	4524.03	30022
500	4519.76	30250
501	4515.49	31233
502	4511.22	31666
503	4506.94	31871
504	4502.67	32137
505	4498.40	32183
506	4494.13	31478
507	4489.85	30710
508	4485.58	30112
509	4481.31	29747
510	4477.04	29558
511	4472.77	28805
512	4468.49	29639
513	4464.22	29241
514	4459.95	28240
515	4455.68	27628
516	4451.40	27028
517	4447.13	26990
518	4442.86	28127
519	4438.59	28180
520	4434.32	27641
521	4430.04	27847
522	4425.77	27256
523	4421.50	27555
524	4417.23	27834
525	4412.95	27125
526	4408.68	26525
527	4404.41	26710
528	4400.14	26278
529	4395.87	25688
530	4391.59	25293
531	4387.32	25214
532	4383.05	24942
533	4378.78	24059
534	4374.50	24250
535	4370.23	24845
536	4365.96	24387
537	4361.69	24663
538	4357.41	25172
539	4353.14	24608
540	4348.87	23486
541	4344.60	22241
542	4340.33	21038
543	4336.05	18286
544	4331.78	16108
545	4327.51	18963
546	4323.24	21384
547	4318.96	21330
548	4314.69	21736
549	4310.42	22178
550	4306.15	21400
551	4301.87	20083
552	4297.60	19240
553	4293.33	19061
554	4289.06	20061
555	4284.78	20790
556	4280.51	20492
557	4276.24	21359
558	4271.97	21846
559	4267.70	21290
560	4263.42	20919
561	4259.15	21533
562	4254.88	21496
563	4250.61	20849
564	4246.33	20997
565	4242.06	20769
566	4237.79	20364
567	4233.52	20389
568	4229.24	19796
569	4224.97	19876
570	4220.70	19240
571	4216.43	18556
572	4212.15	19571
573	4207.88	19581
574	4203.61	19714
575	4199.34	19332
576	4195.07	18566
577	4190.79	18360
578	4186.52	19049
579	4182.25	19108
580	4177.98	18378
581	4173.70	18072
582	4169.43	17571
583	4165.16	16956
584	4160.89	17897
585	4156.61	18296
586	4152.34	17787
587	4148.07	17284
588	4143.80	17093
589	4139.52	17302
590	4135.25	17186
591	4130.98	17062
592	4126.71	16510
593	4122.44	15679
594	4118.16	15679
595	4113.89	15820
596	4109.62	15677
597	4105.35	15260
598	4101.07	13840
599	4096.80	12037
600	4092.53	10733
601	4088.26	12331
602	4083.98	13843
603	4079.71	14210
604	4075.44	13986
605	4071.17	13769
606	4066.89	13397
607	4062.62	13962
608	4058.35	13949
609	4054.08	13754
610	4049.81	13569
611	4045.53	13553
612	4041.26	13978
613	4036.99	13540
614	4032.72	13897
615	4028.44	13842
616	4024.17	12911
617	4019.90	13055
618	4015.63	13200
619	4011.35	13042
620	4007.08	12781
621	4002.81	12417
622	3998.54	12001
623	3994.27	11796
624	3989.99	11734
625	3985.72	11514
626	3981.45	11311
627	3977.18	10735
628	3972.90	10359
629	3968.63	9334
630	3964.36	7001
631	3960.09	5303
632	3955.81	6621
633	3951.54	8539
634	3947.27	8995
635	3943.00	9071
636	3938.73	9063
637	3934.45	8296
638	3930.18	6818
639	3925.91	4778
640	3921.64	5179
641	3917.36	7379
642	3913.09	8319
643	3908.82	8495
644	3904.55	8554
645	3900.28	8419
646	3896.00	7805
647	3891.73	7629
648	3887.46	7140
649	3883.19	6126
650	3878.91	5670
651	3874.64	6387
652	3870.37	7064
653	3866.10	7138
654	3861.83	7291
655	3857.55	7520
656	3853.28	7339
657	3849.01	7017
658	3844.74	7087
659	3840.46	6893
660	3836.19	6293
661	3831.92	5377
662	3827.65	4485
663	3823.38	4467
664	3819.10	4936
665	3814.83	5402
666	3810.56	5576
667	3806.29	5650
668	3802.01	5751
669	3797.74	5565
670	3793.47	5066
671	3789.20	4322
672	3784.93	4381
673	3780.65	4806
674	3776.38	5009
675	3772.11	5112
676	3767.84	4681
677	3763.57	4062
678	3759.29	3888
679	3755.02	4159
680	3750.75	4121
681	3746.48	4077
682	3742.21	3622
683	3737.93	3413
684	3733.66	3665
685	3729.39	3541
686	3725.12	3200
687	3720.85	3363
688	3716.57	3317
689	3712.30	3051
690	3708.03	3157
691	3703.76	3108
692	3699.48	2953
693	3695.21	2841
694	3690.94	2977
695	3686.67	2891
696	3682.40	2882
697	3678.12	2702
698	3673.85	2636
699	3669.58	2549
700	3665.31	2571
701	3661.04	2550
702	3656.77	2457
703	3652.49	2453
704	3648.22	2432
705	3643.95	2384
706	3639.68	2242
707	3635.41	2207
708	3631.13	2183
709	3626.86	2157
710	3622.59	2165
711	3618.32	2094
712	3614.05	2055
713	3609.77	1970
714	3605.50	1946
715	3601.23	1957
716	3596.96	1879
717	3592.69	1907
718	3588.42	1923
719	3584.14	1875
720	3579.87	1763
721	3575.60	1705
722	3571.33	1699
723	3567.06	1694
724	3562.78	1692
725	3558.51	1666
726	3554.24	1667
727	3549.97	1638
728	3545.70	1664
729	3541.43	1576
730	3537.15	1663
731	3532.88	1620
732	3528.61	1589
733	3524.34	1538
734	3520.07	1506
735	3515.79	1496
736	3511.52	1562
737	3507.25	1501
738	3502.98	1485
739	3498.71	1435
740	3494.44	1398
741	3490.16	1436
742	3485.89	1400
743	3481.62	1377
744	3477.35	1362
745	3473.08	1360
746	3468.81	1321
747	3464.54	1361
748	3460.26	1385
749	3455.99	1309
750	3451.72	1298
751	3447.45	1270
752	3443.18	1312
753	3438.91	1294
754	3434.63	1275
755	3430.36	1280
756	3426.09	1254
757	3421.82	1149

