
1	6656.73	122667
2	6652.46	122420
3	6648.19	121725
4	6643.93	121715
5	6639.66	121043
6	6635.40	121974
7	6631.13	123981
8	6626.86	125214
9	6622.60	125613
10	6618.33	124866
11	6614.06	123432
12	6609.80	123662
13	6605.53	124314
14	6601.27	123620
15	6597.00	122997
16	6592.73	124145
17	6588.47	125366
18	6584.20	125044
19	6579.93	123830
20	6575.67	121168
21	6571.40	113462
22	6567.13	104651
23	6562.87	108807
24	6558.60	120004
25	6554.33	125022
26	6550.07	126810
27	6545.80	127964
28	6541.53	129865
29	6537.27	130026
30	6533.00	129460
31	6528.73	130270
32	6524.47	129301
33	6520.20	128728
34	6515.93	130662
35	6511.66	132636
36	6507.40	130717
37	6503.13	125453
38	6498.86	122801
39	6494.60	127471
40	6490.33	133032
41	6486.06	133304
42	6481.80	134097
43	6477.53	134171
44	6473.26	134726
45	6468.99	134857
46	6464.73	134777
47	6460.46	134892
48	6456.19	135271
49	6451.92	136672
50	6447.66	138866
51	6443.39	138351
52	6439.12	137970
53	6434.85	138590
54	6430.59	139777
55	6426.32	138120
56	6422.05	137717
57	6417.78	137476
58	6413.52	137534
59	6409.25	137737
60	6404.98	138118
61	6400.71	138748
62	6396.45	139877
63	6392.18	141392
64	6387.91	141606
65	6383.64	141416
66	6379.37	142107
67	6375.11	141445
68	6370.84	138398
69	6366.57	136267
70	6362.30	137431
71	6358.03	139964
72	6353.77	140897
73	6349.50	140356
74	6345.23	139428
75	6340.96	139480
76	6336.69	141483
77	6332.43	143100
78	6328.16	142092
79	6323.89	138752
80	6319.62	137845
81	6315.35	140849
82	6311.08	142815
83	6306.82	140717
84	6302.55	140880
85	6298.28	143110
86	6294.01	144963
87	6289.74	144859
88	6285.47	141951
89	6281.21	141307
90	6276.94	144168
91	6272.67	145935
92	6268.40	145299
93	6264.13	142327
94	6259.86	139896
95	6255.59	140798
96	6251.33	141229
97	6247.06	141797
98	6242.79	143990
99	6238.52	144697
100	6234.25	144875
101	6229.98	146427
102	6225.71	146212
103	6221.44	145879
104	6217.18	147948
105	6212.91	151727
106	6208.64	152825
107	6204.37	152142
108	6200.10	150645
109	6195.83	149390
110	6191.56	150395
111	6187.29	151792
112	6183.02	151015
113	6178.75	148653
114	6174.49	146336
115	6170.22	143783
116	6165.95	143832
117	6161.68	146825
118	6157.41	149610
119	6153.14	150378
120	6148.87	149574
121	6144.60	146420
122	6140.33	145542
123	6136.06	149277
124	6131.79	150559
125	6127.52	149843
126	6123.25	150649
127	6118.98	152593
128	6114.72	152002
129	6110.45	149766
130	6106.18	148813
131	6101.91	150348
132	6097.64	150750
133	6093.37	150027
134	6089.10	149933
135	6084.83	150636
136	6080.56	152932
137	6076.29	155017
138	6072.02	153434
139	6067.75	152560
140	6063.48	152874
141	6059.21	152813
142	6054.94	154515
143	6050.67	155125
144	6046.40	155161
145	6042.13	156070
146	6037.86	155753
147	6033.59	153658
148	6029.32	150921
149	6025.05	149320
150	6020.78	149499
151	6016.51	149649
152	6012.24	150015
153	6007.97	151501
154	6003.70	152574
155	5999.43	153150
156	5995.16	152864
157	5990.89	151179
158	5986.62	151130
159	5982.35	152114
160	5978.08	153357
161	5973.81	154867
162	5969.54	154109
163	5965.27	153172
164	5961.00	151219
165	5956.73	149715
166	5952.46	149081
167	5948.19	149026
168	5943.92	150169
169	5939.65	150117
170	5935.38	149546
171	5931.11	150461
172	5926.84	150245
173	5922.57	148628
174	5918.30	148157
175	5914.03	148695
176	5909.75	148573
177	5905.48	144043
178	5901.21	136069
179	5896.94	132662
180	5892.67	136854
181	5888.40	145569
182	5884.13	150628
183	5879.86	152831
184	5875.59	153706
185	5871.32	152741
186	5867.05	150128
187	5862.78	148117
188	5858.51	149637
189	5854.24	152279
190	5849.96	154779
191	5845.69	156002
192	5841.42	155110
193	5837.15	155444
194	5832.88	155703
195	5828.61	155816
196	5824.34	154073
197	5820.07	151859
198	5815.80	150909
199	5811.53	150042
200	5807.26	150000
201	5802.98	150353
202	5798.71	148674
203	5794.44	146185
204	5790.17	143229
205	5785.90	143467
206	5781.63	147530
207	5777.36	149990
208	5773.09	150981
209	5768.82	149448
210	5764.54	147570
211	5760.27	146602
212	5756.00	146573
213	5751.73	148752
214	5747.46	150532
215	5743.19	151553
216	5738.92	151632
217	5734.64	151441
218	5730.37	152400
219	5726.10	151985
220	5721.83	148349
221	5717.56	142340
222	5713.29	138941
223	5709.02	140161
224	5704.74	143106
225	5700.47	145583
226	5696.20	144481
227	5691.93	141467
228	5687.66	141360
229	5683.39	144500
230	5679.11	145684
231	5674.84	143429
232	5670.57	139656
233	5666.30	136011
234	5662.03	135158
235	5657.76	138045
236	5653.48	140455
237	5649.21	139574
238	5644.94	138008
239	5640.67	139734
240	5636.40	141544
241	5632.13	140176
242	5627.85	137986
243	5623.58	137107
244	5619.31	139324
245	5615.04	142698
246	5610.77	141807
247	5606.49	137576
248	5602.22	136339
249	5597.95	134700
250	5593.68	132922
251	5589.41	136267
252	5585.13	140217
253	5580.86	141196
254	5576.59	139647
255	5572.32	138981
256	5568.05	139358
257	5563.77	140535
258	5559.50	141898
259	5555.23	142292
260	5550.96	140852
261	5546.69	138702
262	5542.41	137224
263	5538.14	135277
264	5533.87	133572
265	5529.60	134341
266	5525.32	135725
267	5521.05	133606
268	5516.78	130899
269	5512.51	129647
270	5508.24	129919
271	5503.96	130718
272	5499.69	130538
273	5495.42	130096
274	5491.15	130048
275	5486.87	127447
276	5482.60	124374
277	5478.33	126200
278	5474.06	129815
279	5469.78	130141
280	5465.51	130661
281	5461.24	130759
282	5456.97	130818
283	5452.69	130384
284	5448.42	131471
285	5444.15	131504
286	5439.88	127245
287	5435.60	125265
288	5431.33	126485
289	5427.06	126623
290	5422.79	127153
291	5418.51	125181
292	5414.24	120199
293	5409.97	117571
294	5405.69	118952
295	5401.42	120263
296	5397.15	121791
297	5392.88	125208
298	5388.60	126857
299	5384.33	127204
300	5380.06	125903
301	5375.79	122117
302	5371.51	122286
303	5367.24	126746
304	5362.97	130573
305	5358.69	129514
306	5354.42	125231
307	5350.15	122714
308	5345.88	122367
309	5341.60	122223
310	5337.33	119420
311	5333.06	115189
312	5328.78	117278
313	5324.51	121587
314	5320.24	123736
315	5315.96	125581
316	5311.69	124905
317	5307.42	120266
318	5303.15	116115
319	5298.87	118798
320	5294.60	121832
321	5290.33	117799
322	5286.05	113244
323	5281.78	109821
324	5277.51	103256
325	5273.23	97411
326	5268.96	98867
327	5264.69	106889
328	5260.41	110199
329	5256.14	108291
330	5251.87	109667
331	5247.59	112480
332	5243.32	111580
333	5239.05	107694
334	5234.78	103713
335	5230.50	102707
336	5226.23	106209
337	5221.96	107803
338	5217.68	106471
339	5213.41	104169
340	5209.14	104110
341	5204.86	105337
342	5200.59	102764
343	5196.32	101305
344	5192.04	99418
345	5187.77	97964
346	5183.49	101232
347	5179.22	96970
348	5174.95	88402
349	5170.67	90307
350	5166.40	99109
351	5162.13	102175
352	5157.85	99673
353	5153.58	97684
354	5149.31	96796
355	5145.03	96952
356	5140.76	98589
357	5136.49	97996
358	5132.21	95681
359	5127.94	96817
360	5123.67	101369
361	5119.39	102195
362	5115.12	98946
363	5110.84	97859
364	5106.57	97001
365	5102.30	97019
366	5098.02	99772
367	5093.75	99424
368	5089.48	95205
369	5085.20	91647
370	5080.93	93066
371	5076.66	94531
372	5072.38	94900
373	5068.11	97243
374	5063.83	98895
375	5059.56	95882
376	5055.29	92858
377	5051.01	92000
378	5046.74	88508
379	5042.47	86989
380	5038.19	90782
381	5033.92	90812
382	5029.64	87963
383	5025.37	84587
384	5021.10	82309
385	5016.82	83635
386	5012.55	85094
387	5008.27	84572
388	5004.00	87340
389	4999.73	89862
390	4995.45	89723
391	4991.18	86215
392	4986.91	84257
393	4982.63	87803
394	4978.36	91076
395	4974.08	89552
396	4969.81	89183
397	4965.54	89311
398	4961.26	87733
399	4956.99	88465
400	4952.71	89167
401	4948.44	87200
402	4944.17	82856
403	4939.89	81257
404	4935.62	83720
405	4931.34	81666
406	4927.07	76128
407	4922.80	76221
408	4918.52	79173
409	4914.25	79633
410	4909.97	80841
411	4905.70	82041
412	4901.42	81988
413	4897.15	78513
414	4892.88	74066
415	4888.60	74743
416	4884.33	76388
417	4880.05	73888
418	4875.78	71028
419	4871.51	68553
420	4867.23	62054
421	4862.96	61894
422	4858.68	69578
423	4854.41	73916
424	4850.13	74531
425	4845.86	73855
426	4841.59	74074
427	4837.31	74205
428	4833.04	73900
429	4828.76	74010
430	4824.49	75110
431	4820.21	74992
432	4815.94	72624
433	4811.67	71326
434	4807.39	71591
435	4803.12	72156
436	4798.84	72227
437	4794.57	70187
438	4790.29	68962
439	4786.02	70763
440	4781.75	71534
441	4777.47	70228
442	4773.20	66496
443	4768.92	64388
444	4764.65	64767
445	4760.37	65433
446	4756.10	65691
447	4751.83	66806
448	4747.55	65715
449	4743.28	64421
450	4739.00	62390
451	4734.73	61057
452	4730.45	62721
453	4726.18	64751
454	4721.90	63358
455	4717.63	60320
456	4713.36	58247
457	4709.08	56961
458	4704.81	57456
459	4700.53	58644
460	4696.26	59144
461	4691.98	58717
462	4687.71	57790
463	4683.43	57411
464	4679.16	57673
465	4674.89	54685
466	4670.61	52994
467	4666.34	55940
468	4662.06	56779
469	4657.79	55136
470	4653.51	53371
471	4649.24	52396
472	4644.96	53685
473	4640.69	54162
474	4636.41	55363
475	4632.14	55722
476	4627.87	55413
477	4623.59	55079
478	4619.32	54598
479	4615.04	54659
480	4610.77	53655
481	4606.49	51203
482	4602.22	49498
483	4597.94	49431
484	4593.67	49613
485	4589.39	48496
486	4585.12	47778
487	4580.84	49352
488	4576.57	49658
489	4572.30	48563
490	4568.02	47682
491	4563.75	47765
492	4559.47	45499
493	4555.20	43504
494	4550.92	43975
495	4546.65	44577
496	4542.37	44044
497	4538.10	41685
498	4533.82	40085
499	4529.55	40874
500	4525.27	42806
501	4521.00	43529
502	4516.72	44022
503	4512.45	45384
504	4508.18	45028
505	4503.90	42477
506	4499.63	40347
507	4495.35	39249
508	4491.08	39891
509	4486.80	39750
510	4482.53	39854
511	4478.25	40427
512	4473.98	37495
513	4469.70	35379
514	4465.43	33928
515	4461.15	33157
516	4456.88	34690
517	4452.60	36291
518	4448.33	35253
519	4444.05	34668
520	4439.78	34414
521	4435.50	33325
522	4431.23	33743
523	4426.96	33887
524	4422.68	33206
525	4418.41	32417
526	4414.13	32112
527	4409.86	29874
528	4405.58	29942
529	4401.31	30199
530	4397.03	29213
531	4392.76	27240
532	4388.48	25938
533	4384.21	27602
534	4379.93	28665
535	4375.66	28666
536	4371.38	30157
537	4367.11	30907
538	4362.83	29901
539	4358.56	28367
540	4354.28	27948
541	4350.01	27456
542	4345.73	24035
543	4341.46	23539
544	4337.18	27070
545	4332.91	26484
546	4328.63	24338
547	4324.36	25859
548	4320.09	25759
549	4315.81	21240
550	4311.54	17845
551	4307.26	17236
552	4302.99	17806
553	4298.71	20015
554	4294.44	20675
555	4290.16	21091
556	4285.89	22107
557	4281.61	22165
558	4277.34	20652
559	4273.06	21077
560	4268.79	22686
561	4264.51	21717
562	4260.24	20937
563	4255.96	20778
564	4251.69	20689
565	4247.41	21291
566	4243.14	20266
567	4238.86	19616
568	4234.59	19753
569	4230.31	18081
570	4226.04	18930
571	4221.76	19774
572	4217.49	18930
573	4213.21	18900
574	4208.94	18157
575	4204.66	16699
576	4200.39	16601
577	4196.11	17555
578	4191.84	17583
579	4187.56	17040
580	4183.29	16058
581	4179.02	15354
582	4174.74	15552
583	4170.47	16785
584	4166.19	16704
585	4161.92	16031
586	4157.64	15124
587	4153.37	15288
588	4149.09	14974
589	4144.82	15328
590	4140.54	15495
591	4136.27	14494
592	4131.99	14245
593	4127.72	14626
594	4123.44	14862
595	4119.17	14983
596	4114.89	14676
597	4110.62	13991
598	4106.34	12627
599	4102.07	12338
600	4097.79	13507
601	4093.52	14113
602	4089.24	13741
603	4084.97	12874
604	4080.69	11854
605	4076.42	12058
606	4072.14	12106
607	4067.87	11642
608	4063.59	11506
609	4059.32	11503
610	4055.04	11949
611	4050.77	11683
612	4046.50	11525
613	4042.22	12059
614	4037.95	11265
615	4033.67	10792
616	4029.40	11294
617	4025.12	11211
618	4020.85	11124
619	4016.57	10988
620	4012.30	10278
621	4008.02	9773
622	4003.75	9796
623	3999.47	9352
624	3995.20	9240
625	3990.92	8981
626	3986.65	8398
627	3982.37	7895
628	3978.10	6418
629	3973.82	4489
630	3969.55	3998
631	3965.27	5065
632	3961.00	6326
633	3956.72	6583
634	3952.45	6349
635	3948.18	5745
636	3943.90	4874
637	3939.63	3819
638	3935.35	3195
639	3931.08	3824
640	3926.80	4840
641	3922.53	5371
642	3918.25	5764
643	3913.98	5882
644	3909.70	5581
645	3905.43	5451
646	3901.15	5505
647	3896.88	5309
648	3892.60	4741
649	3888.33	4292
650	3884.05	4258
651	3879.78	4237
652	3875.50	4103
653	3871.23	4075
654	3866.96	4144
655	3862.68	3978
656	3858.41	3887
657	3854.13	3939
658	3849.86	3901
659	3845.58	3717
660	3841.31	3297
661	3837.03	3086
662	3832.76	2993
663	3828.48	3068
664	3824.21	3249
665	3819.93	3280
666	3815.66	3492
667	3811.38	3756
668	3807.11	3814
669	3802.84	3472
670	3798.56	3065
671	3794.29	3154
672	3790.01	3350
673	3785.74	3549
674	3781.46	3564
675	3777.19	3398
676	3772.91	3169
677	3768.64	2964
678	3764.36	2801
679	3760.09	2895
680	3755.81	2877
681	3751.54	2566
682	3747.27	2491
683	3742.99	2618
684	3738.72	2439
685	3734.44	2345
686	3730.17	2499
687	3725.89	2434
688	3721.62	2410
689	3717.34	2578
690	3713.07	2460
691	3708.79	2280
692	3704.52	2366
693	3700.25	2341
694	3695.97	2278
695	3691.70	2179
696	3687.42	2077
697	3683.15	2050
698	3678.87	2055
699	3674.60	2045
700	3670.32	1976
701	3666.05	1992
702	3661.78	2025
703	3657.50	1945
704	3653.23	1850
705	3648.95	1749
706	3644.68	1744
707	3640.40	1735
708	3636.13	1672
709	3631.85	1683
710	3627.58	1675
711	3623.31	1598
712	3619.03	1562
713	3614.76	1491
714	3610.48	1509
715	3606.21	1507
716	3601.93	1507
717	3597.66	1527
718	3593.39	1484
719	3589.11	1390
720	3584.84	1338
721	3580.56	1338
722	3576.29	1355
723	3572.01	1347
724	3567.74	1327
725	3563.47	1306
726	3559.19	1360
727	3554.92	1408
728	3550.64	1351
729	3546.37	1310
730	3542.09	1276
731	3537.82	1320
732	3533.55	1274
733	3529.27	1274
734	3525.00	1268
735	3520.72	1250
736	3516.45	1212
737	3512.17	1196
738	3507.90	1245
739	3503.63	1243
740	3499.35	1262
741	3495.08	1243
742	3490.80	1193
743	3486.53	1164
744	3482.26	1112
745	3477.98	1131
746	3473.71	1163
747	3469.43	1143
748	3465.16	1175
749	3460.89	1143
750	3456.61	1165
751	3452.34	1184
752	3448.06	1167
753	3443.79	1137
754	3439.52	1119
755	3435.24	1122
756	3430.97	1186
757	3426.69	1141

