
1	6704.89	45273
2	6700.63	45448
3	6696.37	45243
4	6692.12	45477
5	6687.86	45470
6	6683.61	45737
7	6679.35	45647
8	6675.10	45642
9	6670.84	45059
10	6666.59	44861
11	6662.33	45105
12	6658.08	45037
13	6653.82	45041
14	6649.57	45485
15	6645.31	45975
16	6641.05	45828
17	6636.80	45711
18	6632.54	45701
19	6628.29	45452
20	6624.03	45306
21	6619.78	45939
22	6615.52	46351
23	6611.26	46653
24	6607.01	46631
25	6602.75	46584
26	6598.50	46354
27	6594.24	46307
28	6589.98	46240
29	6585.73	45896
30	6581.47	46098
31	6577.22	46501
32	6572.96	46486
33	6568.70	45916
34	6564.45	44887
35	6560.19	42342
36	6555.94	38074
37	6551.68	38194
38	6547.42	42926
39	6543.17	45282
40	6538.91	46052
41	6534.65	46881
42	6530.40	47747
43	6526.14	47712
44	6521.89	47700
45	6517.63	47849
46	6513.37	46946
47	6509.12	46115
48	6504.86	46575
49	6500.60	47574
50	6496.35	47661
51	6492.09	46347
52	6487.83	44194
53	6483.58	44656
54	6479.32	45695
55	6475.06	45648
56	6470.81	45161
57	6466.55	44540
58	6462.29	45221
59	6458.04	47211
60	6453.78	47927
61	6449.52	47919
62	6445.27	47335
63	6441.01	47102
64	6436.75	47284
65	6432.49	47637
66	6428.24	48385
67	6423.98	49531
68	6419.72	50166
69	6415.47	50537
70	6411.21	50766
71	6406.95	51179
72	6402.69	51224
73	6398.44	51432
74	6394.18	51461
75	6389.92	51557
76	6385.67	51956
77	6381.41	52902
78	6377.15	53113
79	6372.89	52931
80	6368.64	53295
81	6364.38	53124
82	6360.12	52561
83	6355.86	52072
84	6351.61	52135
85	6347.35	52605
86	6343.09	52978
87	6338.83	52864
88	6334.58	52289
89	6330.32	52141
90	6326.06	52531
91	6321.80	53088
92	6317.55	53127
93	6313.29	52238
94	6309.03	51326
95	6304.77	52183
96	6300.51	52804
97	6296.26	52138
98	6292.00	51635
99	6287.74	51929
100	6283.48	52532
101	6279.22	52424
102	6274.97	51219
103	6270.71	50180
104	6266.45	51602
105	6262.19	52820
106	6257.93	52993
107	6253.68	52475
108	6249.42	51036
109	6245.16	50424
110	6240.90	50645
111	6236.64	50203
112	6232.39	49996
113	6228.13	49589
114	6223.87	48526
115	6219.61	48241
116	6215.35	48346
117	6211.09	47092
118	6206.84	46548
119	6202.58	46877
120	6198.32	46969
121	6194.06	46196
122	6189.80	45484
123	6185.54	44883
124	6181.29	44810
125	6177.03	45691
126	6172.77	46195
127	6168.51	46558
128	6164.25	47183
129	6159.99	46987
130	6155.73	47086
131	6151.47	47968
132	6147.22	49544
133	6142.96	50596
134	6138.70	50659
135	6134.44	50510
136	6130.18	50328
137	6125.92	51445
138	6121.66	52890
139	6117.40	53222
140	6113.15	53640
141	6108.89	54675
142	6104.63	55289
143	6100.37	54900
144	6096.11	53969
145	6091.85	54602
146	6087.59	55424
147	6083.33	55442
148	6079.07	54986
149	6074.81	55262
150	6070.56	55428
151	6066.30	55999
152	6062.04	55880
153	6057.78	55694
154	6053.52	55723
155	6049.26	55689
156	6045.00	56015
157	6040.74	56456
158	6036.48	56396
159	6032.22	56108
160	6027.96	56168
161	6023.70	55891
162	6019.44	55120
163	6015.18	54328
164	6010.93	54736
165	6006.67	54949
166	6002.41	55088
167	5998.15	55290
168	5993.89	55548
169	5989.63	55587
170	5985.37	55623
171	5981.11	54911
172	5976.85	54609
173	5972.59	54654
174	5968.33	54847
175	5964.07	55135
176	5959.81	54854
177	5955.55	54931
178	5951.29	54438
179	5947.03	53891
180	5942.77	52978
181	5938.51	52174
182	5934.25	53007
183	5929.99	54260
184	5925.73	54021
185	5921.47	53803
186	5917.21	53469
187	5912.95	52804
188	5908.69	52942
189	5904.43	53247
190	5900.17	53507
191	5895.91	52587
192	5891.65	49802
193	5887.39	47350
194	5883.13	47629
195	5878.87	50909
196	5874.61	53984
197	5870.35	55360
198	5866.09	56415
199	5861.83	56528
200	5857.57	56197
201	5853.31	55137
202	5849.05	55282
203	5844.79	56438
204	5840.53	57299
205	5836.27	57604
206	5832.01	57544
207	5827.75	57765
208	5823.49	57473
209	5819.23	57526
210	5814.97	57554
211	5810.71	56750
212	5806.45	56284
213	5802.19	55791
214	5797.93	55564
215	5793.67	55531
216	5789.40	54971
217	5785.14	54181
218	5780.88	53239
219	5776.62	52781
220	5772.36	53556
221	5768.10	54009
222	5763.84	54108
223	5759.58	53906
224	5755.32	53277
225	5751.06	53055
226	5746.80	52912
227	5742.54	53327
228	5738.28	54167
229	5734.02	54439
230	5729.76	54528
231	5725.49	54532
232	5721.23	54676
233	5716.97	54741
234	5712.71	54812
235	5708.45	53469
236	5704.19	51485
237	5699.93	51915
238	5695.67	52936
239	5691.41	53267
240	5687.15	53298
241	5682.89	52462
242	5678.62	52052
243	5674.36	52773
244	5670.10	53781
245	5665.84	54139
246	5661.58	53449
247	5657.32	52345
248	5653.06	51524
249	5648.80	51972
250	5644.54	53082
251	5640.28	53477
252	5636.01	52697
253	5631.75	52313
254	5627.49	53091
255	5623.23	53357
256	5618.97	52710
257	5614.71	52003
258	5610.45	51142
259	5606.19	52412
260	5601.92	53790
261	5597.66	52404
262	5593.40	51023
263	5589.14	51045
264	5584.88	50465
265	5580.62	50360
266	5576.36	51969
267	5572.09	52642
268	5567.83	51892
269	5563.57	51467
270	5559.31	51799
271	5555.05	52212
272	5550.79	52309
273	5546.53	52492
274	5542.26	52475
275	5538.00	51643
276	5533.74	51222
277	5529.48	50729
278	5525.22	49370
279	5520.96	48623
280	5516.69	49457
281	5512.43	50101
282	5508.17	49407
283	5503.91	48447
284	5499.65	47770
285	5495.39	47941
286	5491.12	48065
287	5486.86	48411
288	5482.60	48743
289	5478.34	48492
290	5474.08	47364
291	5469.82	46781
292	5465.55	47604
293	5461.29	47992
294	5457.03	47577
295	5452.77	47535
296	5448.51	47331
297	5444.24	46870
298	5439.98	46091
299	5435.72	46658
300	5431.46	45843
301	5427.20	44260
302	5422.93	44354
303	5418.67	44598
304	5414.41	44800
305	5410.15	44847
306	5405.89	43954
307	5401.62	43074
308	5397.36	43230
309	5393.10	43956
310	5388.84	44416
311	5384.58	45383
312	5380.31	46000
313	5376.05	46350
314	5371.79	46645
315	5367.53	45480
316	5363.26	44305
317	5359.00	45189
318	5354.74	46988
319	5350.48	47747
320	5346.22	46850
321	5341.95	45785
322	5337.69	45403
323	5333.43	45637
324	5329.17	45821
325	5324.90	44075
326	5320.64	42655
327	5316.38	44336
328	5312.12	45831
329	5307.86	46428
330	5303.59	46519
331	5299.33	45654
332	5295.07	44149
333	5290.81	43735
334	5286.54	45210
335	5282.28	45231
336	5278.02	43505
337	5273.76	42605
338	5269.49	41158
339	5265.23	38576
340	5260.97	37168
341	5256.71	39153
342	5252.44	41970
343	5248.18	42084
344	5243.92	41701
345	5239.66	42126
346	5235.39	42362
347	5231.13	41521
348	5226.87	39983
349	5222.61	38683
350	5218.34	39555
351	5214.08	40702
352	5209.82	40370
353	5205.55	39747
354	5201.29	38992
355	5197.03	39551
356	5192.77	39583
357	5188.50	38282
358	5184.24	37541
359	5179.98	35487
360	5175.72	35874
361	5171.45	37085
362	5167.19	33939
363	5162.93	32260
364	5158.66	34989
365	5154.40	38195
366	5150.14	38439
367	5145.88	37793
368	5141.61	37465
369	5137.35	36842
370	5133.09	36681
371	5128.82	37025
372	5124.56	36978
373	5120.30	36468
374	5116.04	37180
375	5111.77	38139
376	5107.51	37524
377	5103.25	36529
378	5098.98	36188
379	5094.72	35698
380	5090.46	36045
381	5086.20	36994
382	5081.93	36547
383	5077.67	35074
384	5073.41	34376
385	5069.14	34847
386	5064.88	35014
387	5060.62	35073
388	5056.35	35878
389	5052.09	35975
390	5047.83	34915
391	5043.57	34454
392	5039.30	33881
393	5035.04	32215
394	5030.78	32902
395	5026.51	33978
396	5022.25	33636
397	5017.99	33180
398	5013.72	32269
399	5009.46	31857
400	5005.20	32076
401	5000.93	32024
402	4996.67	32321
403	4992.41	33128
404	4988.14	33716
405	4983.88	33266
406	4979.62	31982
407	4975.35	31998
408	4971.09	33514
409	4966.83	33602
410	4962.56	33296
411	4958.30	33269
412	4954.04	32162
413	4949.77	31782
414	4945.51	32631
415	4941.25	32657
416	4936.98	31718
417	4932.72	30567
418	4928.46	30786
419	4924.19	31129
420	4919.93	29941
421	4915.67	28220
422	4911.40	28875
423	4907.14	29782
424	4902.88	29718
425	4898.61	30049
426	4894.35	30357
427	4890.09	29820
428	4885.82	28021
429	4881.56	27477
430	4877.30	28411
431	4873.03	28232
432	4868.77	26828
433	4864.51	26048
434	4860.24	24287
435	4855.98	22301
436	4851.72	23737
437	4847.45	26205
438	4843.19	27207
439	4838.93	27218
440	4834.66	27083
441	4830.40	27264
442	4826.14	27185
443	4821.87	27072
444	4817.61	27054
445	4813.35	27346
446	4809.08	27270
447	4804.82	26751
448	4800.55	26357
449	4796.29	26173
450	4792.03	26447
451	4787.76	26146
452	4783.50	25279
453	4779.24	25311
454	4774.97	25798
455	4770.71	25817
456	4766.45	25053
457	4762.18	24213
458	4757.92	23914
459	4753.65	24311
460	4749.39	24145
461	4745.13	24221
462	4740.86	24543
463	4736.60	24216
464	4732.34	23514
465	4728.07	23066
466	4723.81	22942
467	4719.55	23570
468	4715.28	23672
469	4711.02	23072
470	4706.75	22226
471	4702.49	21628
472	4698.23	21243
473	4693.96	21427
474	4689.70	21940
475	4685.44	21949
476	4681.17	21671
477	4676.91	21313
478	4672.64	21365
479	4668.38	21237
480	4664.12	20462
481	4659.85	20298
482	4655.59	21114
483	4651.33	20985
484	4647.06	20437
485	4642.80	20123
486	4638.53	20116
487	4634.27	20038
488	4630.01	20144
489	4625.74	20393
490	4621.48	20505
491	4617.22	20210
492	4612.95	19965
493	4608.69	19779
494	4604.42	19850
495	4600.16	19366
496	4595.90	18871
497	4591.63	18716
498	4587.37	18615
499	4583.10	18587
500	4578.84	18166
501	4574.58	18235
502	4570.31	18558
503	4566.05	18444
504	4561.79	18079
505	4557.52	18010
506	4553.26	17831
507	4548.99	17016
508	4544.73	16621
509	4540.47	16680
510	4536.20	16941
511	4531.94	16407
512	4527.67	15641
513	4523.41	15299
514	4519.15	15924
515	4514.88	16320
516	4510.62	16241
517	4506.35	16476
518	4502.09	16493
519	4497.83	16259
520	4493.56	15602
521	4489.30	15125
522	4485.03	15183
523	4480.77	14940
524	4476.51	14566
525	4472.24	14739
526	4467.98	14639
527	4463.71	14025
528	4459.45	13429
529	4455.19	12815
530	4450.92	12693
531	4446.66	13297
532	4442.40	13511
533	4438.13	13222
534	4433.87	13102
535	4429.60	12617
536	4425.34	12726
537	4421.08	12895
538	4416.81	12685
539	4412.55	12310
540	4408.28	12064
541	4404.02	11636
542	4399.76	11128
543	4395.49	11124
544	4391.23	11242
545	4386.96	10852
546	4382.70	10258
547	4378.44	9893
548	4374.17	10304
549	4369.91	10701
550	4365.64	10685
551	4361.38	11035
552	4357.12	10884
553	4352.85	10421
554	4348.59	10031
555	4344.32	10127
556	4340.06	9550
557	4335.80	8854
558	4331.53	9224
559	4327.27	10035
560	4323.00	9601
561	4318.74	9035
562	4314.47	9707
563	4310.21	9150
564	4305.95	7528
565	4301.68	6769
566	4297.42	6788
567	4293.15	7295
568	4288.89	7829
569	4284.63	8026
570	4280.36	8172
571	4276.10	8401
572	4271.83	8143
573	4267.57	7706
574	4263.31	8049
575	4259.04	8282
576	4254.78	8001
577	4250.51	7972
578	4246.25	7693
579	4241.99	7797
580	4237.72	7870
581	4233.46	7683
582	4229.19	7572
583	4224.93	7420
584	4220.67	7107
585	4216.40	7406
586	4212.14	7552
587	4207.87	7480
588	4203.61	7529
589	4199.35	7230
590	4195.08	6938
591	4190.82	6925
592	4186.55	7063
593	4182.29	6917
594	4178.03	6756
595	4173.76	6775
596	4169.50	6630
597	4165.23	6734
598	4160.97	6845
599	4156.71	6845
600	4152.44	6561
601	4148.18	6409
602	4143.91	6392
603	4139.65	6306
604	4135.39	6337
605	4131.12	6250
606	4126.86	6014
607	4122.59	6040
608	4118.33	6046
609	4114.07	6069
610	4109.80	5973
611	4105.54	5808
612	4101.27	5436
613	4097.01	4986
614	4092.75	5154
615	4088.48	5522
616	4084.22	5587
617	4079.95	5455
618	4075.69	5173
619	4071.43	5047
620	4067.16	5032
621	4062.90	4841
622	4058.63	4651
623	4054.37	4731
624	4050.11	4785
625	4045.84	4817
626	4041.58	4699
627	4037.31	4680
628	4033.05	4732
629	4028.79	4562
630	4024.52	4477
631	4020.26	4582
632	4015.99	4483
633	4011.73	4386
634	4007.47	4331
635	4003.20	4259
636	3998.94	4146
637	3994.67	4134
638	3990.41	4043
639	3986.15	3948
640	3981.88	3726
641	3977.62	3701
642	3973.35	3485
643	3969.09	3047
644	3964.83	2525
645	3960.56	2512
646	3956.30	2810
647	3952.04	3103
648	3947.77	3151
649	3943.51	3064
650	3939.24	2799
651	3934.98	2546
652	3930.72	2235
653	3926.45	2163
654	3922.19	2414
655	3917.92	2598
656	3913.66	2700
657	3909.40	2878
658	3905.13	2835
659	3900.87	2767
660	3896.60	2662
661	3892.34	2657
662	3888.08	2560
663	3883.81	2428
664	3879.55	2363
665	3875.29	2330
666	3871.02	2365
667	3866.76	2296
668	3862.49	2295
669	3858.23	2321
670	3853.97	2254
671	3849.70	2229
672	3845.44	2322
673	3841.17	2240
674	3836.91	2102
675	3832.65	1922
676	3828.38	1880
677	3824.12	1924
678	3819.86	1927
679	3815.59	2038
680	3811.33	2084
681	3807.06	2145
682	3802.80	2188
683	3798.54	2161
684	3794.27	2055
685	3790.01	2051
686	3785.75	1987
687	3781.48	2101
688	3777.22	2118
689	3772.95	2129
690	3768.69	2075
691	3764.43	1988
692	3760.16	1897
693	3755.90	1879
694	3751.64	1966
695	3747.37	1891
696	3743.11	1838
697	3738.84	1789
698	3734.58	1791
699	3730.32	1753
700	3726.05	1795
701	3721.79	1828
702	3717.53	1730
703	3713.26	1733
704	3709.00	1771
705	3704.74	1763
706	3700.47	1746
707	3696.21	1747
708	3691.94	1771
709	3687.68	1667
710	3683.42	1707
711	3679.15	1647
712	3674.89	1683
713	3670.63	1645
714	3666.36	1650
715	3662.10	1593
716	3657.84	1628
717	3653.57	1590
718	3649.31	1624
719	3645.05	1545
720	3640.78	1537
721	3636.52	1505
722	3632.26	1572
723	3627.99	1530
724	3623.73	1481
725	3619.46	1505
726	3615.20	1507
727	3610.94	1479
728	3606.67	1545
729	3602.41	1494
730	3598.15	1484
731	3593.88	1454
732	3589.62	1504
733	3585.36	1508
734	3581.09	1457
735	3576.83	1475
736	3572.57	1434
737	3568.30	1398
738	3564.04	1417
739	3559.78	1438
740	3555.51	1445
741	3551.25	1459
742	3546.99	1482
743	3542.72	1409
744	3538.46	1466
745	3534.20	1480
746	3529.93	1438
747	3525.67	1398
748	3521.41	1393
749	3517.14	1388
750	3512.88	1400
751	3508.62	1380
752	3504.35	1449
753	3500.09	1427
754	3495.83	1348
755	3491.56	1355
756	3487.30	1378
757	3483.04	1386
758	3478.77	1336
759	3474.51	1325
760	3470.25	1397
761	3465.99	1295
762	3461.72	1397

