
1	6649.97	67013
2	6645.71	67635
3	6641.45	68115
4	6637.18	68801
5	6632.92	68773
6	6628.66	68294
7	6624.39	68197
8	6620.13	69077
9	6615.86	70943
10	6611.60	71324
11	6607.34	69493
12	6603.07	68655
13	6598.81	70036
14	6594.55	69869
15	6590.28	69059
16	6586.02	70611
17	6581.75	71766
18	6577.49	71161
19	6573.23	69525
20	6568.96	68606
21	6564.70	67656
22	6560.43	64600
23	6556.17	64968
24	6551.90	67972
25	6547.64	69733
26	6543.38	70807
27	6539.11	72816
28	6534.85	74673
29	6530.58	74074
30	6526.32	73679
31	6522.05	74053
32	6517.79	73753
33	6513.53	72940
34	6509.26	73039
35	6505.00	72403
36	6500.73	71063
37	6496.47	67303
38	6492.20	64878
39	6487.94	68698
40	6483.67	72584
41	6479.41	73729
42	6475.14	74717
43	6470.88	75784
44	6466.61	76960
45	6462.35	76784
46	6458.09	77033
47	6453.82	77533
48	6449.56	74389
49	6445.29	74206
50	6441.03	78067
51	6436.76	78158
52	6432.50	76025
53	6428.23	75000
54	6423.97	75957
55	6419.70	76303
56	6415.44	75081
57	6411.17	75277
58	6406.90	75854
59	6402.64	77342
60	6398.37	76331
61	6394.11	75047
62	6389.84	74659
63	6385.58	75903
64	6381.31	76244
65	6377.05	75804
66	6372.78	76789
67	6368.52	76912
68	6364.25	73627
69	6359.99	68373
70	6355.72	67086
71	6351.46	70939
72	6347.19	73959
73	6342.92	73117
74	6338.66	72546
75	6334.39	72942
76	6330.13	73594
77	6325.86	73993
78	6321.60	72473
79	6317.33	70388
80	6313.06	69410
81	6308.80	70233
82	6304.53	69844
83	6300.27	68166
84	6296.00	66743
85	6291.74	66842
86	6287.47	68799
87	6283.20	69290
88	6278.94	66609
89	6274.67	64599
90	6270.41	64213
91	6266.14	64563
92	6261.87	63843
93	6257.61	60603
94	6253.34	58429
95	6249.07	60878
96	6244.81	61943
97	6240.54	59381
98	6236.28	59380
99	6232.01	60559
100	6227.74	59384
101	6223.48	59209
102	6219.21	59718
103	6214.94	60086
104	6210.68	62323
105	6206.41	67222
106	6202.15	69661
107	6197.88	68590
108	6193.61	67230
109	6189.35	64539
110	6185.08	65123
111	6180.81	70203
112	6176.55	72193
113	6172.28	70569
114	6168.01	68383
115	6163.75	66945
116	6159.48	66431
117	6155.21	71344
118	6150.95	77364
119	6146.68	79397
120	6142.41	80981
121	6138.15	78620
122	6133.88	75565
123	6129.61	78001
124	6125.35	79016
125	6121.08	77283
126	6116.81	77830
127	6112.54	80697
128	6108.28	80982
129	6104.01	78586
130	6099.74	78338
131	6095.48	79229
132	6091.21	78747
133	6086.94	77946
134	6082.68	78174
135	6078.41	78601
136	6074.14	81313
137	6069.87	83277
138	6065.61	81261
139	6061.34	78036
140	6057.07	77308
141	6052.80	78406
142	6048.54	80442
143	6044.27	81762
144	6040.00	80595
145	6035.74	79524
146	6031.47	78699
147	6027.20	78052
148	6022.93	76011
149	6018.67	73726
150	6014.40	72099
151	6010.13	72455
152	6005.86	72579
153	6001.60	72464
154	5997.33	73085
155	5993.06	74474
156	5988.79	74650
157	5984.53	72421
158	5980.26	70418
159	5975.99	70794
160	5971.72	72619
161	5967.45	73337
162	5963.19	72014
163	5958.92	71063
164	5954.65	68894
165	5950.38	68325
166	5946.12	69468
167	5941.85	68946
168	5937.58	67508
169	5933.31	67516
170	5929.04	67821
171	5924.78	67547
172	5920.51	66171
173	5916.24	65313
174	5911.97	64907
175	5907.70	66115
176	5903.44	65440
177	5899.17	62011
178	5894.90	54253
179	5890.63	48784
180	5886.36	51695
181	5882.10	60976
182	5877.83	66161
183	5873.56	69139
184	5869.29	70647
185	5865.02	70483
186	5860.75	69524
187	5856.49	69123
188	5852.22	69541
189	5847.95	71417
190	5843.68	74457
191	5839.41	76085
192	5835.14	75329
193	5830.88	75881
194	5826.61	76055
195	5822.34	75728
196	5818.07	74685
197	5813.80	73458
198	5809.53	73764
199	5805.26	74539
200	5801.00	74956
201	5796.73	74375
202	5792.46	72117
203	5788.19	69036
204	5783.92	65157
205	5779.65	64630
206	5775.38	67979
207	5771.12	70524
208	5766.85	72153
209	5762.58	70466
210	5758.31	69208
211	5754.04	69947
212	5749.77	69601
213	5745.50	70074
214	5741.23	69812
215	5736.97	69522
216	5732.70	69032
217	5728.43	68036
218	5724.16	68633
219	5719.89	69939
220	5715.62	68905
221	5711.35	65298
222	5707.08	61798
223	5702.81	61714
224	5698.54	63288
225	5694.28	66163
226	5690.01	67635
227	5685.74	65976
228	5681.47	65353
229	5677.20	65934
230	5672.93	65865
231	5668.66	63619
232	5664.39	61447
233	5660.12	60339
234	5655.85	60512
235	5651.58	62284
236	5647.31	62074
237	5643.05	60053
238	5638.78	59044
239	5634.51	60126
240	5630.24	60897
241	5625.97	59166
242	5621.70	57778
243	5617.43	58229
244	5613.16	59363
245	5608.89	62194
246	5604.62	61094
247	5600.35	58307
248	5596.08	58233
249	5591.81	58108
250	5587.54	56678
251	5583.27	58674
252	5579.00	62414
253	5574.73	63268
254	5570.47	62627
255	5566.20	61393
256	5561.93	61076
257	5557.66	61602
258	5553.39	62821
259	5549.12	64130
260	5544.85	63515
261	5540.58	62408
262	5536.31	60914
263	5532.04	59548
264	5527.77	58652
265	5523.50	58883
266	5519.23	59350
267	5514.96	55118
268	5510.69	52159
269	5506.42	53072
270	5502.15	53687
271	5497.88	53908
272	5493.61	54058
273	5489.34	53947
274	5485.07	53644
275	5480.80	52256
276	5476.53	50489
277	5472.26	49950
278	5467.99	51694
279	5463.72	52640
280	5459.45	51840
281	5455.18	50065
282	5450.91	49322
283	5446.64	50850
284	5442.37	55435
285	5438.10	57291
286	5433.83	52779
287	5429.56	51600
288	5425.29	54652
289	5421.02	57166
290	5416.75	57879
291	5412.48	56115
292	5408.21	50396
293	5403.94	47614
294	5399.67	49177
295	5395.40	48971
296	5391.13	49180
297	5386.86	51053
298	5382.59	53602
299	5378.32	55345
300	5374.05	53864
301	5369.78	50001
302	5365.51	50767
303	5361.24	54233
304	5356.97	56503
305	5352.70	55393
306	5348.43	50974
307	5344.15	48335
308	5339.88	48157
309	5335.61	48960
310	5331.34	47448
311	5327.07	43316
312	5322.80	45279
313	5318.53	49283
314	5314.26	50660
315	5309.99	51828
316	5305.72	52132
317	5301.45	48494
318	5297.18	44406
319	5292.91	45563
320	5288.64	48615
321	5284.37	47539
322	5280.10	45267
323	5275.83	44122
324	5271.56	39284
325	5267.29	33865
326	5263.01	34499
327	5258.74	39556
328	5254.47	40619
329	5250.20	37567
330	5245.93	37662
331	5241.66	40883
332	5237.39	41995
333	5233.12	40939
334	5228.85	38794
335	5224.58	35869
336	5220.31	37229
337	5216.04	38857
338	5211.77	35037
339	5207.49	28188
340	5203.22	27817
341	5198.95	32642
342	5194.68	33132
343	5190.41	32084
344	5186.14	31021
345	5181.87	26791
346	5177.60	25990
347	5173.33	24842
348	5169.06	22436
349	5164.79	25506
350	5160.51	32366
351	5156.24	34057
352	5151.97	30726
353	5147.70	29366
354	5143.43	30146
355	5139.16	31288
356	5134.89	32429
357	5130.62	31497
358	5126.35	28865
359	5122.08	28891
360	5117.80	31571
361	5113.53	32045
362	5109.26	29958
363	5104.99	29328
364	5100.72	29539
365	5096.45	29938
366	5092.18	31543
367	5087.91	31625
368	5083.63	29541
369	5079.36	28092
370	5075.09	29438
371	5070.82	30256
372	5066.55	29740
373	5062.28	30819
374	5058.01	32920
375	5053.74	31881
376	5049.46	30131
377	5045.19	30098
378	5040.92	28152
379	5036.65	27158
380	5032.38	29612
381	5028.11	29705
382	5023.84	28009
383	5019.57	27014
384	5015.29	26043
385	5011.02	25854
386	5006.75	26479
387	5002.48	26584
388	4998.21	27436
389	4993.94	28904
390	4989.67	29113
391	4985.39	27714
392	4981.12	26388
393	4976.85	28028
394	4972.58	29718
395	4968.31	28360
396	4964.04	27089
397	4959.77	27026
398	4955.49	27274
399	4951.22	30453
400	4946.95	32442
401	4942.68	30749
402	4938.41	28323
403	4934.14	28170
404	4929.86	30186
405	4925.59	29528
406	4921.32	26545
407	4917.05	26125
408	4912.78	27702
409	4908.51	27470
410	4904.24	27404
411	4899.96	27621
412	4895.69	28054
413	4891.42	26093
414	4887.15	23600
415	4882.88	23566
416	4878.61	24581
417	4874.33	24230
418	4870.06	23201
419	4865.79	22884
420	4861.52	22252
421	4857.25	22145
422	4852.98	23031
423	4848.70	23683
424	4844.43	23506
425	4840.16	23029
426	4835.89	22972
427	4831.62	22713
428	4827.34	22316
429	4823.07	22661
430	4818.80	23331
431	4814.53	22936
432	4810.26	21822
433	4805.99	21608
434	4801.71	22026
435	4797.44	22065
436	4793.17	21849
437	4788.90	20531
438	4784.63	19170
439	4780.36	19237
440	4776.08	20121
441	4771.81	20125
442	4767.54	19306
443	4763.27	18860
444	4759.00	19569
445	4754.72	20585
446	4750.45	21246
447	4746.18	21274
448	4741.91	20626
449	4737.64	20519
450	4733.36	19829
451	4729.09	18436
452	4724.82	19439
453	4720.55	20955
454	4716.28	20238
455	4712.00	19160
456	4707.73	18630
457	4703.46	18334
458	4699.19	18291
459	4694.92	18739
460	4690.64	18740
461	4686.37	18030
462	4682.10	17762
463	4677.83	17836
464	4673.56	17890
465	4669.28	16739
466	4665.01	16508
467	4660.74	18198
468	4656.47	18655
469	4652.20	17337
470	4647.92	16115
471	4643.65	15322
472	4639.38	15600
473	4635.11	16127
474	4630.84	17304
475	4626.56	17726
476	4622.29	18013
477	4618.02	18310
478	4613.75	18082
479	4609.48	17559
480	4605.20	16591
481	4600.93	15176
482	4596.66	14860
483	4592.39	14514
484	4588.12	15135
485	4583.84	15183
486	4579.57	14599
487	4575.30	14846
488	4571.03	15156
489	4566.75	14920
490	4562.48	14543
491	4558.21	14632
492	4553.94	13726
493	4549.67	12850
494	4545.39	12715
495	4541.12	12447
496	4536.85	12040
497	4532.58	10985
498	4528.30	10171
499	4524.03	10843
500	4519.76	12302
501	4515.49	12407
502	4511.22	12191
503	4506.94	12673
504	4502.67	12968
505	4498.40	12197
506	4494.13	10681
507	4489.85	10539
508	4485.58	11340
509	4481.31	11222
510	4477.04	10968
511	4472.77	10936
512	4468.49	9941
513	4464.22	9170
514	4459.95	8420
515	4455.68	8113
516	4451.40	8904
517	4447.13	9812
518	4442.86	9545
519	4438.59	8945
520	4434.32	8490
521	4430.04	8114
522	4425.77	8184
523	4421.50	8156
524	4417.23	8053
525	4412.95	7731
526	4408.68	7383
527	4404.41	6384
528	4400.14	6785
529	4395.87	7718
530	4391.59	7252
531	4387.32	6481
532	4383.05	5653
533	4378.78	6090
534	4374.50	6857
535	4370.23	6952
536	4365.96	7458
537	4361.69	7664
538	4357.41	7173
539	4353.14	6910
540	4348.87	6872
541	4344.60	7018
542	4340.33	6286
543	4336.05	6193
544	4331.78	6896
545	4327.51	6284
546	4323.24	5393
547	4318.96	5914
548	4314.69	6230
549	4310.42	5192
550	4306.15	4025
551	4301.87	3862
552	4297.60	4156
553	4293.33	4390
554	4289.06	4087
555	4284.78	4135
556	4280.51	4549
557	4276.24	4375
558	4271.97	3688
559	4267.70	3928
560	4263.42	4791
561	4259.15	4404
562	4254.88	3883
563	4250.61	3636
564	4246.33	4117
565	4242.06	4595
566	4237.79	4166
567	4233.52	3684
568	4229.24	3104
569	4224.97	2439
570	4220.70	2884
571	4216.43	3582
572	4212.15	3576
573	4207.88	3630
574	4203.61	3446
575	4199.34	3028
576	4195.07	3105
577	4190.79	3466
578	4186.52	3441
579	4182.25	3374
580	4177.98	3233
581	4173.70	2988
582	4169.43	2942
583	4165.16	3086
584	4160.89	3205
585	4156.61	3203
586	4152.34	2996
587	4148.07	2880
588	4143.80	2710
589	4139.52	2676
590	4135.25	2863
591	4130.98	2693
592	4126.71	2763
593	4122.44	2896
594	4118.16	2703
595	4113.89	2703
596	4109.62	2708
597	4105.35	2825
598	4101.07	2668
599	4096.80	2493
600	4092.53	2735
601	4088.26	2988
602	4083.98	2970
603	4079.71	2729
604	4075.44	2430
605	4071.17	2382
606	4066.89	2462
607	4062.62	2272
608	4058.35	2248
609	4054.08	2340
610	4049.81	2473
611	4045.53	2196
612	4041.26	2165
613	4036.99	2343
614	4032.72	2134
615	4028.44	2029
616	4024.17	2189
617	4019.90	2185
618	4015.63	2241
619	4011.35	2158
620	4007.08	2084
621	4002.81	2023
622	3998.54	1993
623	3994.27	1941
624	3989.99	1929
625	3985.72	1848
626	3981.45	1768
627	3977.18	1667
628	3972.90	1535
629	3968.63	1384
630	3964.36	1295
631	3960.09	1357
632	3955.81	1425
633	3951.54	1533
634	3947.27	1488
635	3943.00	1378
636	3938.73	1316
637	3934.45	1248
638	3930.18	1211
639	3925.91	1292
640	3921.64	1275
641	3917.36	1337
642	3913.09	1424
643	3908.82	1500
644	3904.55	1452
645	3900.28	1351
646	3896.00	1352
647	3891.73	1316
648	3887.46	1349
649	3883.19	1316
650	3878.91	1309
651	3874.64	1277
652	3870.37	1277
653	3866.10	1301
654	3861.83	1276
655	3857.55	1262
656	3853.28	1285
657	3849.01	1300
658	3844.74	1291
659	3840.46	1325
660	3836.19	1240
661	3831.92	1200
662	3827.65	1198
663	3823.38	1200
664	3819.10	1153
665	3814.83	1202
666	3810.56	1215
667	3806.29	1201
668	3802.01	1270
669	3797.74	1292
670	3793.47	1218
671	3789.20	1209
672	3784.93	1235
673	3780.65	1235
674	3776.38	1252
675	3772.11	1280
676	3767.84	1275
677	3763.57	1230
678	3759.29	1182
679	3755.02	1184
680	3750.75	1165
681	3746.48	1156
682	3742.21	1156
683	3737.93	1151
684	3733.66	1163
685	3729.39	1138
686	3725.12	1150
687	3720.85	1150
688	3716.57	1135
689	3712.30	1188
690	3708.03	1171
691	3703.76	1176
692	3699.48	1172
693	3695.21	1153
694	3690.94	1181
695	3686.67	1199
696	3682.40	1201
697	3678.12	1191
698	3673.85	1154
699	3669.58	1191
700	3665.31	1158
701	3661.04	1137
702	3656.77	1133
703	3652.49	1163
704	3648.22	1127
705	3643.95	1110
706	3639.68	1103
707	3635.41	1178
708	3631.13	1172
709	3626.86	1111
710	3622.59	1154
711	3618.32	1086
712	3614.05	1079
713	3609.77	1114
714	3605.50	1118
715	3601.23	1107
716	3596.96	1076
717	3592.69	1099
718	3588.42	1152
719	3584.14	1081
720	3579.87	1059
721	3575.60	1076
722	3571.33	1054
723	3567.06	1092
724	3562.78	1112
725	3558.51	1102
726	3554.24	1093
727	3549.97	1117
728	3545.70	1120
729	3541.43	1038
730	3537.15	1146
731	3532.88	1166
732	3528.61	1084
733	3524.34	1067
734	3520.07	1073
735	3515.79	1096
736	3511.52	1156
737	3507.25	1092
738	3502.98	1056
739	3498.71	1098
740	3494.44	1118
741	3490.16	1123
742	3485.89	1103
743	3481.62	1106
744	3477.35	1084
745	3473.08	1072
746	3468.81	1080
747	3464.54	1098
748	3460.26	1078
749	3455.99	1052
750	3451.72	1100
751	3447.45	1109
752	3443.18	1086
753	3438.91	1058
754	3434.63	1065
755	3430.36	1024
756	3426.09	1080

