
1	6656.73	19178
2	6652.46	19769
3	6648.19	20126
4	6643.93	19995
5	6639.66	20023
6	6635.40	20098
7	6631.13	20559
8	6626.86	21278
9	6622.60	21064
10	6618.33	20398
11	6614.06	20371
12	6609.80	20734
13	6605.53	20475
14	6601.27	20388
15	6597.00	21293
16	6592.73	21311
17	6588.47	20638
18	6584.20	20027
19	6579.93	19848
20	6575.67	19434
21	6571.40	18663
22	6567.13	18979
23	6562.87	19618
24	6558.60	19903
25	6554.33	20770
26	6550.07	22056
27	6545.80	22720
28	6541.53	22247
29	6537.27	21926
30	6533.00	21998
31	6528.73	21466
32	6524.47	20831
33	6520.20	20834
34	6515.93	20810
35	6511.66	19878
36	6507.40	18061
37	6503.13	17739
38	6498.86	19543
39	6494.60	20452
40	6490.33	20739
41	6486.06	21474
42	6481.80	22516
43	6477.53	23190
44	6473.26	23135
45	6468.99	23254
46	6464.73	23089
47	6460.46	22239
48	6456.19	22776
49	6451.92	23637
50	6447.66	23096
51	6443.39	22075
52	6439.12	21684
53	6434.85	21840
54	6430.59	21734
55	6426.32	21602
56	6422.05	22168
57	6417.78	22839
58	6413.52	23132
59	6409.25	22425
60	6404.98	21781
61	6400.71	21389
62	6396.45	21527
63	6392.18	21895
64	6387.91	22072
65	6383.64	22234
66	6379.37	21934
67	6375.11	20545
68	6370.84	18909
69	6366.57	18646
70	6362.30	19612
71	6358.03	20587
72	6353.77	20818
73	6349.50	20703
74	6345.23	20400
75	6340.96	20138
76	6336.69	20245
77	6332.43	19808
78	6328.16	19324
79	6323.89	19212
80	6319.62	19431
81	6315.35	19053
82	6311.08	18183
83	6306.82	17487
84	6302.55	17475
85	6298.28	18147
86	6294.01	17870
87	6289.74	16728
88	6285.47	16275
89	6281.21	16362
90	6276.94	16498
91	6272.67	16148
92	6268.40	15161
93	6264.13	14706
94	6259.86	15079
95	6255.59	15171
96	6251.33	14765
97	6247.06	14780
98	6242.79	14798
99	6238.52	14290
100	6234.25	14191
101	6229.98	14372
102	6225.71	14517
103	6221.44	15207
104	6217.18	16458
105	6212.91	16664
106	6208.64	16195
107	6204.37	15668
108	6200.10	15380
109	6195.83	15865
110	6191.56	16898
111	6187.29	17076
112	6183.02	16565
113	6178.75	16270
114	6174.49	15976
115	6170.22	16354
116	6165.95	18475
117	6161.68	20268
118	6157.41	21318
119	6153.14	21728
120	6148.87	20512
121	6144.60	19991
122	6140.33	21105
123	6136.06	21147
124	6131.79	20816
125	6127.52	21504
126	6123.25	22112
127	6118.98	21990
128	6114.72	21414
129	6110.45	21562
130	6106.18	21931
131	6101.91	21350
132	6097.64	20947
133	6093.37	20939
134	6089.10	21107
135	6084.83	21959
136	6080.56	22367
137	6076.29	21371
138	6072.02	20347
139	6067.75	20511
140	6063.48	20921
141	6059.21	21620
142	6054.94	21692
143	6050.67	21054
144	6046.40	20602
145	6042.13	20200
146	6037.86	19836
147	6033.59	19268
148	6029.32	18576
149	6025.05	18394
150	6020.78	18150
151	6016.51	17782
152	6012.24	17920
153	6007.97	18333
154	6003.70	18809
155	5999.43	18469
156	5995.16	17636
157	5990.89	17127
158	5986.62	17077
159	5982.35	17307
160	5978.08	17416
161	5973.81	16969
162	5969.54	16281
163	5965.27	15646
164	5961.00	15515
165	5956.73	16025
166	5952.46	15847
167	5948.19	15402
168	5943.92	15494
169	5939.65	15311
170	5935.38	15176
171	5931.11	14697
172	5926.84	14493
173	5922.57	14546
174	5918.30	14603
175	5914.03	14392
176	5909.75	13559
177	5905.48	12326
178	5901.21	11716
179	5896.94	12756
180	5892.67	14334
181	5888.40	14953
182	5884.13	15577
183	5879.86	15965
184	5875.59	15762
185	5871.32	16054
186	5867.05	15962
187	5862.78	15747
188	5858.51	16698
189	5854.24	18320
190	5849.96	19040
191	5845.69	18907
192	5841.42	19000
193	5837.15	18791
194	5832.88	18467
195	5828.61	17960
196	5824.34	17659
197	5820.07	18408
198	5815.80	18904
199	5811.53	19123
200	5807.26	18842
201	5802.98	17948
202	5798.71	17121
203	5794.44	16180
204	5790.17	16140
205	5785.90	17041
206	5781.63	17278
207	5777.36	17141
208	5773.09	16708
209	5768.82	17076
210	5764.54	17345
211	5760.27	17524
212	5756.00	17568
213	5751.73	17236
214	5747.46	16891
215	5743.19	16897
216	5738.92	16457
217	5734.64	16577
218	5730.37	17114
219	5726.10	16563
220	5721.83	15675
221	5717.56	14981
222	5713.29	15060
223	5709.02	15199
224	5704.74	15917
225	5700.47	16058
226	5696.20	15653
227	5691.93	15554
228	5687.66	15630
229	5683.39	15281
230	5679.11	14571
231	5674.84	14108
232	5670.57	14106
233	5666.30	14604
234	5662.03	15016
235	5657.76	14524
236	5653.48	13931
237	5649.21	13464
238	5644.94	13773
239	5640.67	13900
240	5636.40	13388
241	5632.13	13362
242	5627.85	13503
243	5623.58	13894
244	5619.31	14417
245	5615.04	14130
246	5610.77	13580
247	5606.49	13950
248	5602.22	13917
249	5597.95	13606
250	5593.68	14234
251	5589.41	15144
252	5585.13	15050
253	5580.86	14907
254	5576.59	14801
255	5572.32	14880
256	5568.05	15061
257	5563.77	15265
258	5559.50	15498
259	5555.23	15421
260	5550.96	15202
261	5546.69	14670
262	5542.41	14187
263	5538.14	13909
264	5533.87	13912
265	5529.60	13966
266	5525.32	12949
267	5521.05	12076
268	5516.78	11896
269	5512.51	11809
270	5508.24	12078
271	5503.96	12409
272	5499.69	12650
273	5495.42	12531
274	5491.15	12072
275	5486.87	11376
276	5482.60	11278
277	5478.33	11584
278	5474.06	11705
279	5469.78	11042
280	5465.51	10632
281	5461.24	10687
282	5456.97	11878
283	5452.69	14163
284	5448.42	14093
285	5444.15	12276
286	5439.88	12319
287	5435.60	13243
288	5431.33	13833
289	5427.06	14174
290	5422.79	13391
291	5418.51	11755
292	5414.24	11483
293	5409.97	12021
294	5405.69	11426
295	5401.42	11501
296	5397.15	12260
297	5392.88	12901
298	5388.60	13559
299	5384.33	13009
300	5380.06	11956
301	5375.79	12065
302	5371.51	13076
303	5367.24	14081
304	5362.97	13752
305	5358.69	12485
306	5354.42	11792
307	5350.15	11584
308	5345.88	12018
309	5341.60	11354
310	5337.33	10570
311	5333.06	11229
312	5328.78	11885
313	5324.51	12160
314	5320.24	12429
315	5315.96	12279
316	5311.69	11454
317	5307.42	10238
318	5303.15	10832
319	5298.87	11688
320	5294.60	11217
321	5290.33	10841
322	5286.05	10386
323	5281.78	9221
324	5277.51	8169
325	5273.23	8476
326	5268.96	9424
327	5264.69	9135
328	5260.41	7847
329	5256.14	8237
330	5251.87	9362
331	5247.59	9644
332	5243.32	9445
333	5239.05	8769
334	5234.78	7940
335	5230.50	8268
336	5226.23	8522
337	5221.96	7860
338	5217.68	6785
339	5213.41	6916
340	5209.14	7759
341	5204.86	7374
342	5200.59	7262
343	5196.32	7204
344	5192.04	6783
345	5187.77	6719
346	5183.49	5940
347	5179.22	5329
348	5174.95	6835
349	5170.67	9207
350	5166.40	9462
351	5162.13	8379
352	5157.85	7829
353	5153.58	7843
354	5149.31	8494
355	5145.03	8996
356	5140.76	8695
357	5136.49	7914
358	5132.21	8223
359	5127.94	9037
360	5123.67	8681
361	5119.39	7815
362	5115.12	8134
363	5110.84	8461
364	5106.57	8642
365	5102.30	8818
366	5098.02	8468
367	5093.75	7659
368	5089.48	7316
369	5085.20	7753
370	5080.93	7843
371	5076.66	7609
372	5072.38	7871
373	5068.11	8352
374	5063.83	7922
375	5059.56	7450
376	5055.29	7379
377	5051.01	6258
378	5046.74	6214
379	5042.47	7048
380	5038.19	7029
381	5033.92	6393
382	5029.64	5820
383	5025.37	5510
384	5021.10	5492
385	5016.82	5629
386	5012.55	5640
387	5008.27	5890
388	5004.00	6144
389	4999.73	6338
390	4995.45	6030
391	4991.18	5722
392	4986.91	6168
393	4982.63	6282
394	4978.36	5889
395	4974.08	5648
396	4969.81	5479
397	4965.54	5969
398	4961.26	7359
399	4956.99	7905
400	4952.71	7282
401	4948.44	6653
402	4944.17	6699
403	4939.89	7200
404	4935.62	6770
405	4931.34	6079
406	4927.07	6218
407	4922.80	6370
408	4918.52	6525
409	4914.25	6472
410	4909.97	6597
411	4905.70	6687
412	4901.42	6023
413	4897.15	5575
414	4892.88	5492
415	4888.60	5567
416	4884.33	5414
417	4880.05	5234
418	4875.78	4989
419	4871.51	4736
420	4867.23	4827
421	4862.96	4984
422	4858.68	5136
423	4854.41	5310
424	4850.13	5251
425	4845.86	5261
426	4841.59	4913
427	4837.31	4878
428	4833.04	4970
429	4828.76	5109
430	4824.49	4895
431	4820.21	4591
432	4815.94	4591
433	4811.67	4818
434	4807.39	4973
435	4803.12	4980
436	4798.84	4585
437	4794.57	4375
438	4790.29	4508
439	4786.02	4604
440	4781.75	4377
441	4777.47	4126
442	4773.20	4041
443	4768.92	4359
444	4764.65	4780
445	4760.37	4945
446	4756.10	4888
447	4751.83	4670
448	4747.55	4507
449	4743.28	4412
450	4739.00	4247
451	4734.73	4442
452	4730.45	4603
453	4726.18	4468
454	4721.90	4240
455	4717.63	4093
456	4713.36	4117
457	4709.08	4266
458	4704.81	4288
459	4700.53	4093
460	4696.26	3847
461	4691.98	3802
462	4687.71	3745
463	4683.43	3727
464	4679.16	3537
465	4674.89	3640
466	4670.61	4028
467	4666.34	3824
468	4662.06	3540
469	4657.79	3333
470	4653.51	3353
471	4649.24	3422
472	4644.96	3494
473	4640.69	3598
474	4636.41	3657
475	4632.14	3800
476	4627.87	3881
477	4623.59	3857
478	4619.32	3735
479	4615.04	3458
480	4610.77	3255
481	4606.49	3234
482	4602.22	3066
483	4597.94	3108
484	4593.67	3161
485	4589.39	3113
486	4585.12	3169
487	4580.84	3211
488	4576.57	3221
489	4572.30	3115
490	4568.02	3005
491	4563.75	2795
492	4559.47	2645
493	4555.20	2695
494	4550.92	2839
495	4546.65	2755
496	4542.37	2546
497	4538.10	2496
498	4533.82	2601
499	4529.55	2820
500	4525.27	2826
501	4521.00	2787
502	4516.72	2947
503	4512.45	2935
504	4508.18	2653
505	4503.90	2497
506	4499.63	2481
507	4495.35	2585
508	4491.08	2519
509	4486.80	2546
510	4482.53	2465
511	4478.25	2224
512	4473.98	2107
513	4469.70	2015
514	4465.43	1977
515	4461.15	2122
516	4456.88	2193
517	4452.60	2121
518	4448.33	2170
519	4444.05	2126
520	4439.78	2045
521	4435.50	2107
522	4431.23	2107
523	4426.96	2050
524	4422.68	2080
525	4418.41	2015
526	4414.13	1933
527	4409.86	2047
528	4405.58	2079
529	4401.31	1964
530	4397.03	1847
531	4392.76	1827
532	4388.48	1924
533	4384.21	1948
534	4379.93	1988
535	4375.66	2173
536	4371.38	2134
537	4367.11	2080
538	4362.83	1980
539	4358.56	1941
540	4354.28	1937
541	4350.01	1781
542	4345.73	1825
543	4341.46	1926
544	4337.18	1865
545	4332.91	1814
546	4328.63	1893
547	4324.36	1855
548	4320.09	1674
549	4315.81	1567
550	4311.54	1528
551	4307.26	1562
552	4302.99	1505
553	4298.71	1486
554	4294.44	1497
555	4290.16	1603
556	4285.89	1593
557	4281.61	1549
558	4277.34	1593
559	4273.06	1648
560	4268.79	1590
561	4264.51	1557
562	4260.24	1457
563	4255.96	1504
564	4251.69	1574
565	4247.41	1523
566	4243.14	1420
567	4238.86	1384
568	4234.59	1312
569	4230.31	1420
570	4226.04	1474
571	4221.76	1457
572	4217.49	1450
573	4213.21	1400
574	4208.94	1351
575	4204.66	1379
576	4200.39	1454
577	4196.11	1439
578	4191.84	1394
579	4187.56	1384
580	4183.29	1314
581	4179.02	1376
582	4174.74	1396
583	4170.47	1402
584	4166.19	1349
585	4161.92	1337
586	4157.64	1318
587	4153.37	1290
588	4149.09	1326
589	4144.82	1335
590	4140.54	1310
591	4136.27	1355
592	4131.99	1351
593	4127.72	1285
594	4123.44	1294
595	4119.17	1314
596	4114.89	1253
597	4110.62	1321
598	4106.34	1265
599	4102.07	1316
600	4097.79	1336
601	4093.52	1312
602	4089.24	1268
603	4084.97	1213
604	4080.69	1241
605	4076.42	1234
606	4072.14	1242
607	4067.87	1191
608	4063.59	1210
609	4059.32	1249
610	4055.04	1218
611	4050.77	1218
612	4046.50	1235
613	4042.22	1196
614	4037.95	1183
615	4033.67	1192
616	4029.40	1209
617	4025.12	1234
618	4020.85	1196
619	4016.57	1213
620	4012.30	1213
621	4008.02	1175
622	4003.75	1166
623	3999.47	1172
624	3995.20	1170
625	3990.92	1139
626	3986.65	1181
627	3982.37	1145
628	3978.10	1117
629	3973.82	1111
630	3969.55	1077
631	3965.27	1099
632	3961.00	1145
633	3956.72	1113
634	3952.45	1154
635	3948.18	1104
636	3943.90	1090
637	3939.63	1086
638	3935.35	1155
639	3931.08	1082
640	3926.80	1105
641	3922.53	1127
642	3918.25	1112
643	3913.98	1091
644	3909.70	1089
645	3905.43	1115
646	3901.15	1111
647	3896.88	1085
648	3892.60	1125
649	3888.33	1113
650	3884.05	1073
651	3879.78	1087
652	3875.50	1115
653	3871.23	1114
654	3866.96	1099
655	3862.68	1074
656	3858.41	1147
657	3854.13	1080
658	3849.86	1077
659	3845.58	1089
660	3841.31	1056
661	3837.03	1101
662	3832.76	1117
663	3828.48	1089
664	3824.21	1071
665	3819.93	1099
666	3815.66	1060
667	3811.38	1067
668	3807.11	1077
669	3802.84	1085
670	3798.56	1076
671	3794.29	1072
672	3790.01	1061
673	3785.74	1102
674	3781.46	1100
675	3777.19	1126
676	3772.91	1097
677	3768.64	1061
678	3764.36	1077
679	3760.09	1081
680	3755.81	1034
681	3751.54	1107
682	3747.27	1062
683	3742.99	1073
684	3738.72	1081
685	3734.44	1036
686	3730.17	1046
687	3725.89	1068
688	3721.62	1061
689	3717.34	1060
690	3713.07	1055
691	3708.79	1074
692	3704.52	1011
693	3700.25	1092
694	3695.97	1110
695	3691.70	1068
696	3687.42	1013
697	3683.15	1064
698	3678.87	1122
699	3674.60	1071
700	3670.32	1086
701	3666.05	1048
702	3661.78	1070
703	3657.50	1057
704	3653.23	1044
705	3648.95	1021
706	3644.68	1099
707	3640.40	1072
708	3636.13	1055
709	3631.85	1054
710	3627.58	1101
711	3623.31	1058
712	3619.03	1047
713	3614.76	1060
714	3610.48	1071
715	3606.21	1070
716	3601.93	1059
717	3597.66	1089
718	3593.39	1029
719	3589.11	1048
720	3584.84	1103
721	3580.56	1072
722	3576.29	1059
723	3572.01	1065
724	3567.74	1073
725	3563.47	1026
726	3559.19	1037
727	3554.92	1036
728	3550.64	1095
729	3546.37	1021
730	3542.09	1054
731	3537.82	1074
732	3533.55	1035
733	3529.27	1103
734	3525.00	1072
735	3520.72	1061
736	3516.45	1050
737	3512.17	1104
738	3507.90	1092
739	3503.63	1092
740	3499.35	1058
741	3495.08	1055
742	3490.80	1089
743	3486.53	1094
744	3482.26	1064
745	3477.98	1096
746	3473.71	1078
747	3469.43	1106
748	3465.16	1057
749	3460.89	1043
750	3456.61	1027
751	3452.34	1066
752	3448.06	1087
753	3443.79	1072
754	3439.52	1082
755	3435.24	1107
756	3430.97	1132

